541148325037 01148325037
541148325037 1148325037
541148325037 541148325037
541148325037 00541148325037
541148325037 48325037
541148325037 0111548325037
541148325037 111548325037
541148325037 54111548325037
541148325037 0054111548325037
541148325037 1548325037
541148325037 005491148325037
541148325037 5491148325037
541148325037 5491548325037
541148325037 541548325037
5493876837787 03876837787
5493876837787 3876837787
5493876837787 543876837787
5493876837787 00543876837787
5493876837787 0387156837787
5493876837787 387156837787
5493876837787 54387156837787
5493876837787 0054387156837787
5493876837787 00549387156837787
5493876837787 549387156837787
5493876837787 549387156837787
548006108000 08006108000
 12387156837787
